(119, 17) => (0.3961, 0.0, 0.0, 1.0) || (0.2941, 0.1373, 0.0784, 1.0)
(119, 18) => (0.3961, 0.0, 0.0, 1.0) || (0.2941, 0.1373, 0.0784, 1.0)
(119, 19) => (0.3961, 0.0, 0.0, 1.0) || (0.2941, 0.1373, 0.0784, 1.0)
(119, 20) => (0.9098, 0.0, 0.0, 1.0) || (0.6941, 0.5059, 0.2784, 1.0)
(120, 20) => (0.3961, 0.0, 0.0, 1.0) || (0.2941, 0.1373, 0.0784, 1.0)
(120, 21) => (0.3961, 0.0, 0.0, 1.0) || (0.2941, 0.1373, 0.0784, 1.0)
(121, 20) => (0.3961, 0.0, 0.0, 1.0) || (0.2941, 0.1373, 0.0784, 1.0)
(121, 21) => (0.3961, 0.0, 0.0, 1.0) || (0.2941, 0.1373, 0.0784, 1.0)
(121, 22) => (0.3961, 0.0, 0.0, 1.0) || (0.2941, 0.1373, 0.0784, 1.0)
(122, 20) => (0.3961, 0.0, 0.0, 1.0) || (0.2941, 0.1373, 0.0784, 1.0)
(122, 21) => (0.3961, 0.0, 0.0, 1.0) || (0.2941, 0.1373, 0.0784, 1.0)
(122, 22) => (0.3961, 0.0, 0.0, 1.0) || (0.2941, 0.1373, 0.0784, 1.0)
(123, 20) => (0.3961, 0.0, 0.0, 1.0) || (0.2941, 0.1373, 0.0784, 1.0)
(123, 21) => (0.3961, 0.0, 0.0, 1.0) || (0.2941, 0.1373, 0.0784, 1.0)
(123, 22) => (0.3961, 0.0, 0.0, 1.0) || (0.2941, 0.1373, 0.0784, 1.0)
(123, 23) => (0.3961, 0.0, 0.0, 1.0) || (0.2941, 0.1373, 0.0784, 1.0)
(124, 16) => (0.3961, 0.0, 0.0, 1.0) || (0.2941, 0.1373, 0.0784, 1.0)
(124, 17) => (0.3961, 0.0, 0.0, 1.0) || (0.2941, 0.1373, 0.0784, 1.0)
(124, 18) => (0.3961, 0.0, 0.0, 1.0) || (0.2941, 0.1373, 0.0784, 1.0)
(124, 19) => (0.3961, 0.0, 0.0, 1.0) || (0.2941, 0.1373, 0.0784, 1.0)
(124, 20) => (0.3961, 0.0, 0.0, 1.0) || (0.2941, 0.1373, 0.0784, 1.0)
(124, 21) => (0.3961, 0.0, 0.0, 1.0) || (0.2941, 0.1373, 0.0784, 1.0)
(124, 22) => (0.3961, 0.0, 0.0, 1.0) || (0.2941, 0.1373, 0.0784, 1.0)
(124, 23) => (0.3961, 0.0, 0.0, 1.0) || (0.2941, 0.1373, 0.0784, 1.0)
(125, 16) => (0.3961, 0.0, 0.0, 1.0) || (0.2941, 0.1373, 0.0784, 1.0)
(125, 17) => (0.3961, 0.0, 0.0, 1.0) || (0.2941, 0.1373, 0.0784, 1.0)
(125, 18) => (0.3961, 0.0, 0.0, 1.0) || (0.2941, 0.1373, 0.0784, 1.0)
(125, 19) => (0.3961, 0.0, 0.0, 1.0) || (0.2941, 0.1373, 0.0784, 1.0)
(125, 20) => (0.3961, 0.0, 0.0, 1.0) || (0.2941, 0.1373, 0.0784, 1.0)
(125, 21) => (0.3961, 0.0, 0.0, 1.0) || (0.2941, 0.1373, 0.0784, 1.0)
(125, 22) => (0.3961, 0.0, 0.0, 1.0) || (0.2941, 0.1373, 0.0784, 1.0)
(125, 23) => (0.3961, 0.0, 0.0, 1.0) || (0.2941, 0.1373, 0.0784, 1.0)
(126, 16) => (0.3961, 0.0, 0.0, 1.0) || (0.2941, 0.1373, 0.0784, 1.0)
(126, 17) => (0.3961, 0.0, 0.0, 1.0) || (0.2941, 0.1373, 0.0784, 1.0)
(126, 18) => (0.3961, 0.0, 0.0, 1.0) || (0.2941, 0.1373, 0.0784, 1.0)
(126, 19) => (0.3961, 0.0, 0.0, 1.0) || (0.2941, 0.1373, 0.0784, 1.0)
(126, 20) => (0.3961, 0.0, 0.0, 1.0) || (0.2941, 0.1373, 0.0784, 1.0)
(126, 21) => (0.3961, 0.0, 0.0, 1.0) || (0.2941, 0.1373, 0.0784, 1.0)
(126, 22) => (0.3961, 0.0, 0.0, 1.0) || (0.2941, 0.1373, 0.0784, 1.0)
(126, 23) => (0.3961, 0.0, 0.0, 1.0) || (0.2941, 0.1373, 0.0784, 1.0)
(127, 16) => (0.3961, 0.0, 0.0, 1.0) || (0.2941, 0.1373, 0.0784, 1.0)
(127, 17) => (0.3961, 0.0, 0.0, 1.0) || (0.2941, 0.1373, 0.0784, 1.0)
(127, 18) => (0.3961, 0.0, 0.0, 1.0) || (0.2941, 0.1373, 0.0784, 1.0)
(127, 19) => (0.3961, 0.0, 0.0, 1.0) || (0.2941, 0.1373, 0.0784, 1.0)
(127, 20) => (0.3961, 0.0, 0.0, 1.0) || (0.2941, 0.1373, 0.0784, 1.0)
(127, 21) => (0.3961, 0.0, 0.0, 1.0) || (0.2941, 0.1373, 0.0784, 1.0)
(127, 22) => (0.3961, 0.0, 0.0, 1.0) || (0.2941, 0.1373, 0.0784, 1.0)
(127, 23) => (0.3961, 0.0, 0.0, 1.0) || (0.2941, 0.1373, 0.0784, 1.0)
(128, 17) => (0.3961, 0.0, 0.0, 1.0) || (0.2941, 0.1373, 0.0784, 1.0)
(128, 18) => (0.3961, 0.0, 0.0, 1.0) || (0.2941, 0.1373, 0.0784, 1.0)
(128, 19) => (0.3961, 0.0, 0.0, 1.0) || (0.2941, 0.1373, 0.0784, 1.0)
(128, 20) => (1.0, 0.0, 0.0, 1.0) || (0.7647, 0.5569, 0.302, 1.0)
(128, 21) => (1.0, 0.0, 0.0, 1.0) || (0.7647, 0.5569, 0.302, 1.0)
(128, 22) => (1.0, 0.0, 0.0, 1.0) || (0.7647, 0.5569, 0.302, 1.0)
(129, 18) => (0.3961, 0.0, 0.0, 1.0) || (0.2941, 0.1373, 0.0784, 1.0)
(129, 19) => (0.3961, 0.0, 0.0, 1.0) || (0.2941, 0.1373, 0.0784, 1.0)
(129, 20) => (1.0, 0.0, 0.0, 1.0) || (0.7647, 0.5569, 0.302, 1.0)
(129, 21) => (1.0, 0.0, 0.0, 1.0) || (0.7647, 0.5569, 0.302, 1.0)
